0.72200000 0.26800000 0.15700000 0.06900000 0.21900000 0.05300000 0.06000000 0.02100000 0.13100000 0.06500000 0.05100000 0.01500000 0.04000000 0.05300000 0.01000000 0.01200000
0.11600000 0.42100000 0.05900000 0.10900000 0.05900000 0.14000000 0.02100000 0.03200000 0.04100000 0.10300000 0.02000000 0.02500000 0.01900000 0.04800000 0.00600000 0.00800000
0.03500000 0.02300000 0.44700000 0.11200000 0.02500000 0.00400000 0.06400000 0.04800000 0.00600000 0.00600000 0.06700000 0.05000000 0.00200000 0.00400000 0.02800000 0.01200000
0.00500000 0.03900000 0.15200000 0.48000000 0.01200000 0.01100000 0.07800000 0.09200000 0.00700000 0.01600000 0.05400000 0.11000000 0.00400000 0.01100000 0.03000000 0.03700000
0.03200000 0.03700000 0.01200000 0.02000000 0.39300000 0.08000000 0.08200000 0.05300000 0.01600000 0.01400000 0.00700000 0.00800000 0.06800000 0.07000000 0.02400000 0.02100000
0.00700000 0.07200000 0.00400000 0.03000000 0.06500000 0.55700000 0.02900000 0.09100000 0.00400000 0.03100000 0.00400000 0.00700000 0.01700000 0.08300000 0.00900000 0.03500000
0.00400000 0.00200000 0.03600000 0.02500000 0.02600000 0.00800000 0.41700000 0.10100000 0.00100000 0.00400000 0.01700000 0.01500000 0.01000000 0.00800000 0.07300000 0.04200000
0.00600000 0.01400000 0.01900000 0.05200000 0.03100000 0.04000000 0.10700000 0.44100000 0.00200000 0.00600000 0.00800000 0.03400000 0.01000000 0.01600000 0.03000000 0.06200000
0.03300000 0.02100000 0.01900000 0.00500000 0.01100000 0.00500000 0.00800000 0.00200000 0.44700000 0.12700000 0.08500000 0.03800000 0.08100000 0.03000000 0.02800000 0.02000000
0.02100000 0.06200000 0.02000000 0.02000000 0.01200000 0.02500000 0.00500000 0.01100000 0.18100000 0.47000000 0.04700000 0.11300000 0.04900000 0.08900000 0.02800000 0.04900000
0.00400000 0.00400000 0.04800000 0.03800000 0.00400000 0.00200000 0.03500000 0.01800000 0.06200000 0.02900000 0.50800000 0.16700000 0.01600000 0.00500000 0.09300000 0.05900000
0.00100000 0.00200000 0.00800000 0.01600000 0.00100000 0.00200000 0.00300000 0.00900000 0.01000000 0.03000000 0.04000000 0.30400000 0.00700000 0.00500000 0.02800000 0.05500000
0.00900000 0.00800000 0.00600000 0.00200000 0.06400000 0.02400000 0.02800000 0.01300000 0.05900000 0.04900000 0.02400000 0.01200000 0.55200000 0.10800000 0.08800000 0.06000000
0.00500000 0.02600000 0.00500000 0.00700000 0.06900000 0.04500000 0.01900000 0.02500000 0.02300000 0.02900000 0.00400000 0.01800000 0.07900000 0.44600000 0.03500000 0.06200000
0.00000000 0.00100000 0.00600000 0.00600000 0.00700000 0.00100000 0.02800000 0.02100000 0.00600000 0.01100000 0.04900000 0.04500000 0.03600000 0.01700000 0.46500000 0.10000000
0.00000000 0.00000000 0.00200000 0.00900000 0.00200000 0.00300000 0.01600000 0.02200000 0.00400000 0.01000000 0.01500000 0.03900000 0.01000000 0.00700000 0.02500000 0.36600000
