0.62600000 0.27800000 0.16800000 0.06800000 0.21600000 0.04400000 0.04500000 0.02000000 0.12400000 0.07300000 0.05200000 0.01100000 0.03000000 0.04900000 0.00800000 0.00900000
0.12600000 0.41400000 0.04100000 0.12300000 0.05000000 0.20300000 0.01500000 0.03300000 0.03300000 0.10300000 0.01400000 0.02000000 0.01300000 0.06700000 0.00100000 0.01100000
0.05900000 0.03200000 0.48900000 0.21200000 0.02700000 0.00200000 0.13500000 0.07600000 0.01800000 0.01200000 0.13100000 0.07900000 0.00300000 0.00600000 0.04800000 0.02100000
0.00800000 0.05600000 0.11700000 0.37900000 0.00600000 0.02300000 0.04600000 0.11900000 0.00500000 0.02000000 0.03200000 0.10400000 0.00400000 0.00700000 0.01400000 0.02900000
0.06600000 0.04300000 0.01400000 0.01100000 0.41100000 0.09100000 0.10500000 0.06100000 0.02000000 0.01500000 0.00400000 0.00600000 0.12800000 0.10300000 0.03300000 0.01400000
0.00900000 0.06300000 0.00200000 0.01700000 0.11300000 0.43900000 0.03000000 0.08600000 0.00200000 0.02600000 0.00100000 0.00500000 0.02900000 0.15300000 0.00800000 0.03300000
0.00800000 0.00300000 0.04600000 0.03300000 0.04900000 0.01800000 0.38700000 0.18600000 0.00300000 0.00200000 0.01000000 0.01300000 0.02400000 0.01800000 0.09300000 0.05300000
0.00100000 0.00700000 0.01200000 0.04500000 0.01900000 0.05900000 0.11900000 0.27500000 0.00000000 0.00100000 0.00200000 0.02000000 0.00300000 0.01800000 0.02400000 0.07800000
0.06300000 0.03000000 0.03000000 0.01100000 0.02400000 0.00700000 0.00800000 0.00500000 0.50800000 0.22000000 0.11600000 0.05200000 0.14400000 0.06600000 0.04300000 0.01500000
0.01800000 0.05000000 0.00600000 0.01300000 0.00800000 0.02200000 0.00200000 0.00400000 0.11700000 0.32800000 0.02500000 0.08400000 0.02700000 0.07800000 0.01100000 0.03300000
0.00800000 0.00500000 0.05100000 0.02900000 0.00400000 0.00000000 0.02600000 0.01300000 0.08200000 0.03200000 0.42000000 0.20100000 0.03100000 0.00400000 0.15800000 0.07600000
0.00100000 0.00600000 0.01600000 0.04700000 0.00100000 0.00600000 0.00200000 0.02700000 0.01400000 0.06700000 0.12500000 0.30500000 0.00900000 0.01300000 0.03700000 0.10000000
0.00300000 0.00300000 0.00400000 0.00200000 0.04300000 0.01100000 0.01500000 0.01000000 0.04500000 0.03800000 0.01400000 0.00800000 0.37700000 0.15200000 0.08300000 0.05100000
0.00200000 0.00800000 0.00000000 0.00100000 0.01700000 0.06500000 0.00500000 0.01300000 0.01400000 0.04700000 0.00200000 0.01400000 0.09500000 0.21800000 0.03200000 0.06700000
0.00100000 0.00100000 0.00200000 0.00200000 0.00900000 0.00300000 0.04800000 0.02900000 0.01500000 0.00700000 0.03600000 0.03600000 0.06500000 0.02800000 0.33400000 0.16200000
0.00100000 0.00100000 0.00200000 0.00700000 0.00300000 0.00700000 0.01200000 0.04300000 0.00000000 0.00900000 0.01600000 0.04200000 0.01800000 0.02000000 0.07300000 0.24800000
